 324
0
0
0
0
0
0
15
15
0
0
17
17
0
17
17
17
17
0
17
17
17
0
18
0
18
0
18
18
18
0
0
18
17
18
0
18
18
18
18
18
0
0
18
0
0
0
0
0
0
0
0
0
0
0
0
0
0
15
15
0
0
17
17
17
17
17
17
17
0
17
17
17
0
18
0
18
18
18
18
18
18
0
18
10
18
0
18
18
18
18
18
18
0
18
18
0
0
0
0
0
0
0
0
0
0
0
0
0
0
0
0
15
15
0
0
17
17
17
17
17
0
17
17
17
17
0
18
18
18
18
18
18
18
0
18
18
0
18
18
18
18
18
18
0
18
18
0
0
0
0
0
0
0
0
0
0
0
0
0
0
0
0
0
0
15
15
17
17
17
17
17
17
17
17
17
17
17
17
17
17
17
17
17
17
17
17
17
17
17
18
18
18
17
18
17
17
0
18
0
0
0
0
0
0
0
0
0
0
0
0
0
0
0
0
0
0
0
0
0
0
15
15
15
17
17
0
17
17
17
17
17
17
17
17
17
17
17
17
17
17
17
17
12
17
17
17
17
16
17
17
17
17
17
12
12
0
12
17
18
0
17
17
0
0
0
0
0
0
0
0
0
0
0
0
0
0
0
0
0
0
0
0
0
0
0
0
0
0
0
0
0
0
0
0
0
5
5
10
12
13
16
16
16
16
16
10
10
0
0
0
0
0
0
0
0
0
0
0
0
0
0
0
0
0
