20
   2  16 0 254 255 255 255 255 255 255 255 255 255 255   7 Исаева О.Г.
   2  29 0 254 255 255 255 255 255 255 255 255 255 255   7 Исаченко И.И.
   2  18 0 254 255 255 255 255 255 255 255 255 255 255   7 Кадышева М.А.
   2  31 0 254 255 255 255 255 255 255 255 255 255 255   7 Казакова Л.П.
   2  38 0 254 255 255 255 255 255 255 255 255 255 255   7 Казарян А.Т.
   2  12 0 254 255 255 255 255 255 255 255 255 255 255   7 Калинин А.А.
   2  22 0 254 255 255 255 255 255 255 255 255 255 255   7 Каменская Н.Г.
   2   4 0 254 255 255 255 255 255 255 255 255 255 255   7 Капелев В.В.
   2  22 0 254 255 255 255 255 255 255 255 255 255 255   7 Карайченцева С.А.
   2  18 0 254 255 255 255 255 255 255 255 255 255 255   7 Каргина Л.А.
   2  28 0 254 255 255 255 255 255 255 255 255 255 255   7 Карпова Е.Е.
   2   4 0 254 255 255 255 255 255 255 255 255 255 255   7 Карташева О.А.
   2  12 0 254 255 255 255 255 255 255 255 255 255 255   7 Кацман В.Д.
   2  26 0 254 255 255 255 255 255 255 255 255 255 255   7 Качалова И.Н.
   2  37 0 254 255 255 255 255 255 255 255 255 255 255   7 Келейников И.В.
   2  16 0 254 255 255 255 255 255 255 255 255 255 255   7 Китаева Е.О.
   2   3 0 254 255 255 255 255 255 255 255 255 255 255   7 Климова Е.Д.
   2  22 0 254 255 255 255 255 255 255 255 255 255 255   7 Коган А.Ф.
   2  40 0 254 255 255 255 255 255 255 255 255 255 255   7 Кожевников Г.В.
   2  26 0 254 255 255 255 255 255 255 255 255 255 255   7 Козленко П.В.
