20
   2  29 0 254 255 255 255 255 255 255 255 255 255 255   7 Елизарова О.И.
   2  29 0 254 255 255 255 255 255 255 255 255 255 255   7 Ершов А.К.
   2  37 0 254 255 255 255 255 255 255 255 255 255 255   7 Ершова Л.Н.
   2   7 0 254 255 255 255 255 255 255 255 255 255 255   7 Ефремов Н.Ф.
   2  22 0 254 255 255 255 255 255 255 255 255 255 255   7 Жарков И.А.
   2  19 0 254 255 255 255 255 255 255 255 255 255 255   7 Жукова Г.Н.
   2   3 0 254 255 255 255 255 255 255 255 255 255 255   7 Журавлева Г.Н.
   2  31 0 254 255 255 255 255 255 255 255 255 255 255   7 Жучков В.В.
   2   3 0 254 255 255 255 255 255 255 255 255 255 255   7 Зеленская М.В.
   2  29 0 254 255 255 255 255 255 255 255 255 255 255   7 Зельдович Б.З.
   2  38 0 254 255 255 255 255 255 255 255 255 255 255   7 Зима В.Н.
   2   3 0 254 255 255 255 255 255 255 255 255 255 255   7 Зименкова Л.П.
   2  18 0 254 255 255 255 255 255 255 255 255 255 255   7 Зимина Е.А.
   2  22 0 254 255 255 255 255 255 255 255 255 255 255   7 Зимина Л.В.
   2  18 0 254 255 255 255 255 255 255 255 255 255 255   7 Зюков Н.С.
   2  12 0 254 255 255 255 255 255 255 255 255 255 255   7 Иванов П.К.
   2  35 0 254 255 255 255 255 255 255 255 255 255 255   7 Иванова И.С.
   2  11 0 254 255 255 255 255 255 255 255 255 255 255   7 Иванько А.Ф.
   2  11 0 254 255 255 255 255 255 255 255 255 255 255   7 Иванько М.А.
   2  11 0 254 255 255 255 255 255 255 255 255 255 255   7 Иващенко И.Г.
