14
   2  37 0 254 255 255 255 255 255 255 255 255 255 255   7 Разина И.В.
   2  37 0 254 255 255 255 255 255 255 255 255 255 255   7 Нольде Н.Л.
   2  37 0 254 255 255 255 255 255 255 255 255 255 255   7 Мельгунова Н.В.
   2  37 0 254 255 255 255 255 255 255 255 255 255 255   7 Орешина А.Б.
   2  35 0 254 255 255 255 255 255 255 255 255 255 255   7 Кортович В.В.
   2  35 0 254 255 255 255 255 255 255 255 255 255 255   7 Чернов А.Н.
   2  35 0 254 255 255 255 255 255 255 255 255 255 255   7 Монина О.Е.
   2  35 0 254 255 255 255 255 255 255 255 255 255 255   7 Цепилова В.А.
   2  28 0 254 255 255 255 255 255 255 255 255 255 255   7 Горощенко М.А.
   2  28 0 254 255 255 255 255 255 255 255 255 255 255   7 Павлова Е.В.
   2   3 0 254 255 255 255 255 255 255 255 255 255 255   7 Назаров В.Г.
   2  26 0 254 255 255 255 255 255 255 255 255 255 255   7 Леднева В.В.
   2  37 0 254 255 255 255 255 255 255 255 255 255 255   7 Вельчинская Н.Е.
   2  37 0 254 255 255 255 255 255 255 255 255 255 255   7 Коноплёв А.Б.
