20
   2  12 0 254 255 255 255 255 255 255 255 255 255 255   7 Норин В.П.
   2  11 0 254 255 255 255 255 255 255 255 255 255 255   7 Овечкис Ю.Н.
   2   4 0 254 255 255 255 255 255 255 255 255 255 255   7 Ольшевская Е.Е.
   2  18 0 254 255 255 255 255 255 255 255 255 255 255   7 Оноприенко Н.В.
   2  37 0 254 255 255 255 255 255 255 255 255 255 255   7 Орешина А.Б.
   2  16 0 254 255 255 255 255 255 255 255 255 255 255   7 Орешков И.В.
   2   8 0 254 255 255 255 255 255 255 255 255 255 255   7 Орлова Е.Ю.
   2  29 0 254 255 255 255 255 255 255 255 255 255 255   7 Осипова Г.И.
   2  28 0 254 255 255 255 255 255 255 255 255 255 255   7 Павлова Е.В.
   2  40 0 254 255 255 255 255 255 255 255 255 255 255   7 Панарина Т.В.
   2   8 0 254 255 255 255 255 255 255 255 255 255 255   7 Панин А.А.
   2  33 0 254 255 255 255 255 255 255 255 255 255 255   7 Панова И.А.
   2  18 0 254 255 255 255 255 255 255 255 255 255 255   7 Панова Н.А.
   2  27 0 254 255 255 255 255 255 255 255 255 255 255   7 Перевалов В.В.
   2  27 0 254 255 255 255 255 255 255 255 255 255 255   7 Перевалова Е.В.
   2  29 0 254 255 255 255 255 255 255 255 255 255 255   7 Передня Д.Г.
   2  27 0 254 255 255 255 255 255 255 255 255 255 255   7 Петраш А.И.
   2  12 0 254 255 255 255 255 255 255 255 255 255 255   7 Петрова В.В.
   2  26 0 254 255 255 255 255 255 255 255 255 255 255   7 Петрушина М.В.
   2  31 0 254 255 255 255 255 255 255 255 255 255 255   7 Петушкова Е.В.
