20
   2  29 0 254 255 255 255 255 255 255 255 255 255 255   7 Дуденкова Я.Г.
   2  29 0 254 255 255 255 255 255 255 255 255 255 255   7 Васерчук Ю.А.
   2  29 0 254 255 255 255 255 255 255 255 255 255 255   7 Стародубцев С.А.
   2  29 0 254 255 255 255 255 255 255 255 255 255 255   7 Ладогина А.Ю.
   2  18 0 254 255 255 255 255 255 255 255 255 255 255   7 Оноприенко Н.В.
   2  18 0 254 255 255 255 255 255 255 255 255 255 255   7 Резников К.С.
   2  18 0 254 255 255 255 255 255 255 255 255 255 255   7 Самсонова Г.И.
   2  31 0 254 255 255 255 255 255 255 255 255 255 255   7 Садовский И.Н.
   2  31 0 254 255 255 255 255 255 255 255 255 255 255   7 Косенко А.В.
   2  31 0 254 255 255 255 255 255 255 255 255 255 255   7 Коркина Л.В.
   2  28 0 254 255 255 255 255 255 255 255 255 255 255   7 Карпова Е.Е.
   2  31 0 254 255 255 255 255 255 255 255 255 255 255   7 Андреева М.В.
   2  31 0 254 255 255 255 255 255 255 255 255 255 255   7 Петушкова Е.В.
   2  29 0 254 255 255 255 255 255 255 255 255 255 255   7 Передня Д.Г.
   2  18 0 254 255 255 255 255 255 255 255 255 255 255   7 Горлова О.Е.
   2  18 0 254 255 255 255 255 255 255 255 255 255 255   7 Каргина Л.А.
   2  18 0 254 255 255 255 255 255 255 255 255 255 255   7 Самсонов М.И.
   2  18 0 254 255 255 255 255 255 255 255 255 255 255   7 Грицук А.П.
   2  31 0 254 255 255 255 255 255 255 255 255 255 255   7 Рассудительнова И.М.
   2  18 0 254 255 255 255 255 255 255 255 255 255 255   7 Мудрова С.В.
