20
   2  31 0 254 255 255 255 255 255 255 255 255 255 255   7 Чапайкин И.В.
   2  31 0 254 255 255 255 255 255 255 255 255 255 255   7 Чвякин В.А.
   2  19 0 254 255 255 255 255 255 255 255 255 255 255   7 Чеповский А.М.
   2   4 0 254 255 255 255 255 255 255 255 255 255 255   7 Черная И.В.
   2  35 0 254 255 255 255 255 255 255 255 255 255 255   7 Чернов А.Н.
   2  22 0 254 255 255 255 255 255 255 255 255 255 255   7 Чернова Н.В.
   2  12 0 254 255 255 255 255 255 255 255 255 255 255   7 Чернышев А.В.
   2   7 0 254 255 255 255 255 255 255 255 255 255 255   7 Чуркин А.В.
   2   3 0 254 255 255 255 255 255 255 255 255 255 255   7 Шаповалов А.М.
   2  16 0 254 255 255 255 255 255 255 255 255 255 255   7 Шаронин П.Н.
   2   4 0 254 255 255 255 255 255 255 255 255 255 255   7 Шахова И.И.
   2   7 0 254 255 255 255 255 255 255 255 255 255 255   7 Шашлов А.Б.
   2  19 0 254 255 255 255 255 255 255 255 255 255 255   7 Шелудченко А.Г.
   2  29 0 254 255 255 255 255 255 255 255 255 255 255   7 Шелыгов А.В.
   2  22 0 254 255 255 255 255 255 255 255 255 255 255   7 Шеметова Е.П.
   2  33 0 254 255 255 255 255 255 255 255 255 255 255   7 Шеремет А.Н.
   2   4 0 254 255 255 255 255 255 255 255 255 255 255   7 Шерстнев Г.К.
   2  22 0 254 255 255 255 255 255 255 255 255 255 255   7 Шиманов А.Е.
   2  26 0 254 255 255 255 255 255 255 255 255 255 255   7 Шкварцова Т.В.
   2  11 0 254 255 255 255 255 255 255 255 255 255 255   7 Шляга В.С.
